interesting!

the unregularized sample

  -9.2783e-03  -3.0498e-06  -1.7506e-04  -9.6266e-05   1.0000e+00  -3.0498e-06  -1.7506e-04  -9.6266e-05
   8.8991e-03   1.4287e-05   2.3315e-04   1.1798e-04   1.0000e+00   1.4287e-05   2.3315e-04   1.1798e-04
  -8.3601e-03  -2.5938e-05  -2.8747e-04  -1.3715e-04   1.0000e+00  -2.5938e-05  -2.8747e-04  -1.3715e-04
   7.6281e-03   3.6988e-05   3.3532e-04   1.5325e-04   1.0000e+00   3.6988e-05   3.3532e-04   1.5325e-04
  -6.7480e-03  -4.6876e-05  -3.7622e-04  -1.6656e-04   1.0000e+00  -4.6876e-05  -3.7622e-04  -1.6656e-04
   0.314545   0.164091   0.164568   0.158339   0.151128   0.149568   1.000000   0.164091   0.164568   0.158339   0.151128   0.149568
   0.111057   0.057574   0.057787   0.055924   0.053697   0.053154   1.000000   0.057574   0.057787   0.055924   0.053697   0.053154
   0.097401   0.050458   0.050753   0.049162   0.047146   0.046560   1.000000   0.050458   0.050753   0.049162   0.047146   0.046560

restore the matrix, must be something wrong

numgrad_Theta1 =

  -0.0092783  -0.0167680  -0.0601745  -0.0173705
   0.0088991   0.0394335  -0.0319612  -0.0575659
  -0.0083601   0.0593356   0.0249226  -0.0451964
   0.0076281   0.0247641   0.0597718   0.0091459
  -0.0067480  -0.0326881   0.0386411   0.0546102

grad_Theta1 =

   1.0000e+00  -9.6266e-05  -2.8747e-04  -4.6876e-05
   1.0000e+00   1.4287e-05  -1.3715e-04  -3.7622e-04
   1.0000e+00   2.3315e-04   3.6988e-05  -1.6656e-04
  -3.0498e-06   1.1798e-04   3.3532e-04   1.0000e+00
  -1.7506e-04  -2.5938e-05   1.5325e-04   1.0000e+00

numgrad_Theta2 =

   3.1454e-01   1.1868e-01   2.0399e-01   1.2570e-01   1.7634e-01   1.3229e-01
   1.1106e-01   3.8193e-05   1.1715e-01  -4.0759e-03   1.1313e-01  -4.5296e-03
   9.7401e-02   3.3693e-02   7.5480e-02   1.6968e-02   8.6163e-02   1.5005e-03

grad_Theta2 =

   1.000000   0.164091   0.151128   0.057787   0.053154   0.049162
   1.000000   0.164568   0.149568   0.055924   0.050458   0.047146
   1.000000   0.158339   0.057574   0.053697   0.050753   0.046560

  -9.2783e-03  -3.0498e-06  -1.7506e-04  -9.6266e-05   1.0000e+00  -9.6266e-05  -2.8747e-04  -4.6876e-05
   8.8991e-03   1.4287e-05   2.3315e-04   1.1798e-04   1.0000e+00   1.4287e-05  -1.3715e-04  -3.7622e-04
  -8.3601e-03  -2.5938e-05  -2.8747e-04  -1.3715e-04   1.0000e+00   2.3315e-04   3.6988e-05  -1.6656e-04
   7.6281e-03   3.6988e-05   3.3532e-04   1.5325e-04  -3.0498e-06   1.1798e-04   3.3532e-04   1.0000e+00
  -6.7480e-03  -4.6876e-05  -3.7622e-04  -1.6656e-04  -1.7506e-04  -2.5938e-05   1.5325e-04   1.0000e+00
   0.314545   0.164091   0.164568   0.158339   0.151128   0.149568   1.000000   0.164091   0.151128   0.057787   0.053154   0.049162
   0.111057   0.057574   0.057787   0.055924   0.053697   0.053154   1.000000   0.164568   0.149568   0.055924   0.050458   0.047146
   0.097401   0.050458   0.050753   0.049162   0.047146   0.046560   1.000000   0.158339   0.057574   0.053697   0.050753   0.046560

position mismatch
value missing

  -9.2783e-03   1.0000e+00
   8.8991e-03   1.0000e+00
  -8.3601e-03   1.0000e+00

   7.6281e-03  -3.0498e-06
  -6.7480e-03  -1.7506e-04
  -3.0498e-06  -9.6266e-05

   1.4287e-05   1.4287e-05

  -2.5938e-05   2.3315e-04
   3.6988e-05   1.1798e-04
  -4.6876e-05  -2.5938e-05
  -1.7506e-04  -2.8747e-04
   2.3315e-04  -1.3715e-04
  -2.8747e-04   3.6988e-05
   3.3532e-04   3.3532e-04
  -3.7622e-04   1.5325e-04
  -9.6266e-05  -4.6876e-05
   1.1798e-04  -3.7622e-04

  -1.3715e-04  -1.6656e-04
   1.5325e-04   1.0000e+00
  -1.6656e-04   1.0000e+00

   3.1454e-01   1.0000e+00
   1.1106e-01   1.0000e+00
   9.7401e-02   1.0000e+00

   1.6409e-01   1.6409e-01

   5.7574e-02   1.6457e-01
   5.0458e-02   1.5834e-01
   1.6457e-01   1.5113e-01

   5.7787e-02   1.4957e-01
   5.0753e-02   5.7574e-02
   1.5834e-01   5.7787e-02

   5.5924e-02   5.5924e-02

   4.9162e-02   5.3697e-02
   1.5113e-01   5.3154e-02
   5.3697e-02   5.0458e-02
   4.7146e-02   5.0753e-02
   1.4957e-01   4.9162e-02
   5.3154e-02   4.7146e-02

   4.6560e-02   4.6560e-02